1.000000000000000048e-04
-2.453153689802580195e-01
-4.128003671932026775e-01
-5.182410774014629684e-01
-5.743379554570720025e-01
-5.912432870802654117e-01
-5.770797201052870751e-01
-5.383417483501018452e-01
-4.802165578623671105e-01
-4.068537376281133877e-01
-3.215691379541199546e-01
-2.270089287535765332e-01
-1.252910020623106968e-01
-1.810581551885831475e-02
9.319956035085215362e-02
2.075490815738023631e-01
3.240829095222986789e-01
4.421163933292791004e-01
5.611058345251486168e-01
6.806189388684518171e-01
8.003112551034431421e-01
9.199088668821023829e-01
1.039195405077224521e+00
1.158001074723249646e+00
1.276192791167420904e+00
1.393665907590673214e+00
1.510338170371628985e+00
1.626145700916406200e+00
1.741040034642501899e+00
1.854985290337254344e+00
1.967955243080992567e+00
2.079930730852954657e+00
2.190897908686940010e+00
2.300847415334712931e+00
2.409774007299171128e+00
2.517676086733390495e+00
2.624554860748932850e+00
2.730413317074642521e+00
2.835255425123805129e+00
2.939085837202415341e+00
3.041910023503583194e+00
3.143734509855980352e+00
3.244566884696735709e+00
3.344415469301538213e+00
3.443288813773186963e+00
3.541195302993580096e+00
3.638143069986009781e+00
3.734140203357476206e+00
3.829195054885388583e+00
3.923316415909492871e+00
4.016513441790689143e+00
4.108795374179455173e+00
4.200171230727560712e+00
4.290649637316765741e+00
4.380238880388565903e+00
4.468947125501112616e+00
4.556782661744045448e+00
4.643754032513903063e+00
4.729869989144476428e+00
4.815139304288512001e+00
4.899570551349578196e+00
4.983171963505360402e+00
5.065951435313017726e+00
5.147916653855895142e+00
5.229075285301917120e+00
5.309435124081122837e+00
5.389004138758312301e+00
5.467790402426566665e+00
5.545801948216459110e+00
5.623046619287715764e+00
5.699531978240279351e+00
5.775265309404415959e+00
5.850253705575345187e+00
5.924504197132834271e+00
5.998023868769878142e+00
6.070819919517568053e+00
6.142899648102829957e+00
6.214270375650310818e+00
6.284939339687633186e+00
6.354913600432149146e+00
6.424199991884003147e+00
6.492805131303359900e+00
6.560735479160720196e+00
6.627997425349908767e+00
6.694597371190098123e+00
6.760541781242733528e+00
6.825837191276760585e+00
6.890490173829201481e+00
6.954507275654119525e+00
7.017894948355388962e+00
7.080659493366472823e+00
7.142807036151449296e+00
7.204343534666059590e+00
7.265274816994233831e+00
7.325606635548567169e+00
7.385344722033448939e+00
7.444494828796797137e+00
7.503062747222235984e+00
7.561054300627097824e+00
7.618475315752999855e+00
7.675331581751940746e+00
7.731628807663170733e+00
7.787372588614567270e+00
7.842568387922867146e+00
7.897221537916212952e+00
7.951337257819953486e+00
8.004920683458717434e+00
8.057976901512329704e+00
8.110510980848218310e+00
8.162527994837747158e+00
8.214033031035469890e+00
8.265031187499950249e+00
8.315527557722763419e+00
8.365527208113258339e+00
8.415035152980285815e+00
8.464056331906864017e+00
8.512595593477614742e+00
8.560657687779348990e+00
8.608247268307113842e+00
8.655368902219624516e+00
8.702027086580411464e+00
8.748226267468240280e+00
8.793970858694951431e+00
8.839265257271906151e+00
8.884113853576280917e+00
8.928521035199400657e+00
8.972491184519583385e+00
9.016028670966042213e+00
9.059137839609679332e+00
9.101822998069181381e+00
9.144088403749746519e+00
9.185938253176999524e+00
9.227376674723375416e+00
9.268407725439738343e+00
9.309035392095216466e+00
9.349263595977328478e+00
9.389096200576346973e+00
9.428537021011278441e+00
9.467589833961952195e+00
9.506258386940322325e+00
9.544546405933862943e+00
9.582457600742525727e+00
9.619995667661910943e+00
9.657164289494891918e+00
9.693967133164999694e+00
9.730407845430709912e+00
9.766490047345058656e+00
9.802217328165562904e+00
9.837593239400606038e+00
9.872621289593000782e+00
9.907304940306964625e+00
9.941647603621046159e+00
9.975652641256459674e+00
1.000932336530569877e+01
1.004266304038451452e+01
1.007567488692167323e+01
1.010836208523086022e+01
1.014072777997877850e+01
1.017277508467040192e+01
1.020450708581063104e+01
1.023592684646379425e+01
1.026703740900992301e+01
1.029784179698094881e+01
1.032834301594308180e+01
1.035854405346718110e+01
1.038844787829201799e+01
1.041805743883280222e+01
1.044737566121785477e+01
1.047640544704993637e+01
1.050514967108675357e+01
1.053361117901994781e+01
1.056179278550625433e+01
1.058969727257161253e+01
1.061732738847218194e+01
1.064468584705824128e+01
1.067177532765069969e+01
1.069859847540734776e+01
1.072515790212872844e+01
1.075145618743262865e+01
1.077749588021201355e+01
1.080327950028384976e+01
1.082880954013517005e+01
1.085408846667708183e+01
1.087911872292637128e+01
1.090390272954659245e+01
1.092844288619505377e+01
1.095274157263771464e+01
1.097680114960972020e+01
1.100062395941423787e+01
1.102421232626575964e+01
1.104756855639555901e+01
1.107069493794625537e+01
1.109359374068924176e+01
1.111626721560315367e+01
1.113871759435358122e+01
1.116094708871424857e+01
1.118295788996802820e+01
1.120475216832285703e+01
1.122633207237319475e+01
1.124769972863243339e+01
1.126885724115604681e+01
1.128980669126944747e+01
1.131055013740886928e+01
1.133108961507827850e+01
1.135142713692052041e+01
1.137156469289672955e+01
1.139150425056465465e+01
1.141124775544386161e+01
1.143079713145387188e+01
1.145015428141019243e+01
1.146932108756267610e+01
1.148829941216082595e+01
1.150709109803131369e+01
1.152569796915408595e+01
1.154412183122486901e+01
1.156236447219354879e+01
1.158042766276972024e+01
1.159831315688860620e+01
1.161602269213238614e+01
1.163355799010383507e+01
1.165092075675080707e+01
1.166811268264167190e+01
1.168513544319313091e+01
1.170199069885298648e+01
1.171868009524136411e+01
1.173520526325461333e+01
1.175156781913657866e+01
1.176776936452232292e+01
1.178381148645944876e+01
1.179969575741219856e+01
1.181542373525332756e+01
1.183099696324851102e+01
1.184641697003766225e+01
1.186168526961712288e+01
1.187680336132622116e+01
1.189177272984118083e+01
1.190659484517885147e+01
1.192127116271221254e+01
1.193580312319913084e+01
1.195019215282532521e+01
1.196443966326211950e+01
1.197854705173911860e+01
1.199251570113159104e+01
1.200634698006206413e+01
1.202004224301534840e+01
1.203360283046600721e+01
1.204703006901710616e+01
1.206032527154899014e+01
1.207348973737670761e+01
1.208652475241469304e+01
1.209943158934729368e+01
1.211221150780373712e+01
1.212486575453620929e+01
1.213739556359973548e+01
1.214980215653267948e+01
1.216208674253673649e+01
1.217425051865543217e+01
1.218629466995022881e+01
1.219822036967345191e+01
1.221002877943739229e+01
1.222172104937902404e+01
1.223329831831989445e+01
1.224476171392086066e+01
1.225611235283143863e+01
1.226735134083360457e+01
1.227847977298000615e+01
1.228949873372658352e+01
1.230040929705968367e+01
1.231121252661781185e+01
1.232190947580818730e+01
1.233250118791834637e+01
1.234298869622304196e+01
1.235337302408672322e+01
1.236365518506189964e+01
1.237383618298369115e+01
1.238391701206090545e+01
1.239389865696392867e+01
1.240378209290977907e+01
1.241356828574460280e+01
1.242325819202393333e+01
1.243285275909097898e+01
1.244235292515321767e+01
1.245175961935754927e+01
1.246107376186423643e+01
1.247029626391984358e+01
1.247942802792937300e+01
1.248846994752777384e+01
1.249742290765097152e+01
1.250628778460655610e+01
1.251506544614424854e+01
1.252375675152623913e+01
1.253236255159748858e+01
1.254088368885603977e+01
1.254932099752341657e+01
1.255767530361512563e+01
1.256594742501130213e+01
1.257413817152750468e+01
1.258224834498565947e+01
1.259027873928516961e+01
1.259823014047415057e+01
1.260610332682079004e+01
1.261389906888480539e+01
1.262161812958895446e+01
1.262926126429059437e+01
1.263682922085321891e+01
1.264432273971796228e+01
1.265174255397501213e+01
1.265908938943489837e+01
1.266636396469962023e+01
1.267356699123355490e+01
1.268069917343411745e+01
1.268776120870214186e+01
1.269475378751191563e+01
1.270167759348086278e+01
1.270853330343881815e+01
1.271532158749686658e+01
1.272204310911572200e+01
1.272869852517360023e+01
1.273528848603357844e+01
1.274181363561040214e+01
1.274827461143672025e+01
1.275467204472873917e+01
1.276100656045125881e+01
1.276727877738208861e+01
1.277348930817582762e+01
1.277963875942699623e+01
1.278572773173250532e+01
1.279175681975346635e+01
1.279772661227632469e+01
1.280363769227331616e+01
1.280949063696225032e+01
1.281528601786561516e+01
1.282102440086898909e+01
1.282670634627879380e+01
1.283233240887936155e+01
1.283790313798932736e+01
1.284341907751736933e+01
1.284888076601726681e+01
1.285428873674232442e+01
1.285964351769912994e+01
1.286494563170068339e+01
1.287019559641888655e+01
1.287539392443641084e+01
1.288054112329794698e+01
1.288563769556084715e+01
1.289068413884517739e+01
1.289568094588316605e+01
1.290062860456808913e+01
1.290552759800257476e+01
1.291037840454635344e+01
1.291518149786345759e+01
1.291993734696887763e+01
1.292464641627469035e+01
1.292930916563566157e+01
1.293392605039434251e+01
1.293849752142565102e+01
1.294302402518097317e+01
1.294750600373176752e+01
1.295194389481269681e+01
1.295633813186428895e+01
1.296068914407514150e+01
1.296499735642366957e+01
1.296926318971940795e+01
1.297348706064388146e+01
1.297766938179104024e+01
1.298181056170727565e+01
1.298591100493101713e+01
1.298997111203192034e+01
1.299399127964966105e+01
1.299797190053231510e+01
1.300191336357436889e+01
1.300581605385432660e+01
1.300968035267195511e+01
1.301350663758513804e+01
1.301729528244638345e+01
1.302104665743894607e+01
1.302476112911261019e+01
1.302843906041910849e+01
1.303208081074719793e+01
1.303568673595738936e+01
1.303925718841633596e+01
1.304279251703089670e+01
1.304629306728185156e+01
1.304975918125730416e+01
1.305319119768575575e+01
1.305658945196885945e+01
1.305995427621385652e+01
1.306328599926570533e+01
1.306658494673889948e+01
1.306985144104897678e+01
1.307308580144372989e+01
1.307628834403411844e+01
1.307945938182487922e+01
1.308259922474485215e+01
1.308570817967700606e+01
1.308878655048818729e+01
1.309183463805857706e+01
1.309485274031086988e+01
1.309784115223917134e+01
1.310080016593762231e+01
1.310373007062874962e+01
1.310663115269154311e+01
1.310950369568926277e+01
1.311234798039698823e+01
1.311516428482889829e+01
1.311795288426528572e+01
1.312071405127932522e+01
1.312344805576357309e+01
1.312615516495622003e+01
1.312883564346708987e+01
1.313148975330338963e+01
1.313411775389521274e+01
1.313671990212079344e+01
1.313929645233152854e+01
1.314184765637674523e+01
1.314437376362824139e+01
1.314687502100458616e+01
1.314935167299518071e+01
1.315180396168410049e+01
1.315423212677369058e+01
1.315663640560794967e+01
1.315901703319567417e+01
1.316137424223339103e+01
1.316370826312805953e+01
1.316601932401955644e+01
1.316830765080294441e+01
1.317057346715052368e+01
1.317281699453367061e+01
1.317503845224446302e+01
1.317723805741709775e+01
1.317941602504909682e+01
1.318157256802231281e+01
1.318370789712372293e+01
1.318582222106602941e+01
1.318791574650804854e+01
1.318998867807491138e+01
1.319204121837806198e+01
1.319407356803506204e+01
1.319608592568920002e+01
1.319807848802891748e+01
1.320005144980703271e+01
1.320200500385978515e+01
1.320393934112569312e+01
1.320585465066422515e+01
1.320775111967428828e+01
1.320962893351253697e+01
1.321148827571150441e+01
1.321332932799755078e+01
1.321515227030864281e+01
1.321695728081195043e+01
1.321874453592128162e+01
1.322051421031433627e+01
1.322226647694979818e+01
1.322400150708425492e+01
1.322571947028895245e+01
1.322742053446638621e+01
1.322910486586672896e+01
1.323077262910410035e+01
1.323242398717266965e+01
1.323405910146260567e+01
1.323567813177586672e+01
1.323728123634184151e+01
1.323886857183282828e+01
1.324044029337936479e+01
1.324199655458541258e+01
1.324353750754338321e+01
1.324506330284902056e+01
1.324657408961614102e+01
1.324807001549122099e+01
1.324955122666784568e+01
1.325101786790101421e+01
1.325247008252130421e+01
1.325390801244889794e+01
1.325533179820746632e+01
1.325674157893792149e+01
1.325813749241203254e+01
1.325951967504590456e+01
1.326088826191332437e+01
1.326224338675898018e+01
1.326358518201154979e+01
1.326491377879665201e+01
1.326622930694968083e+01
1.326753189502850461e+01
1.326882167032604976e+01
1.327009875888274948e+01
1.327136328549888056e+01
1.327261537374676692e+01
1.327385514598287486e+01
1.327508272335978035e+01
1.327629822583802266e+01
1.327750177219783723e+01
1.327869348005078187e+01
1.327987346585123518e+01
1.328104184490779360e+01
1.328219873139454776e+01
1.328334423836225575e+01
1.328447847774939561e+01
1.328560156039312012e+01
1.328671359604009439e+01
1.328781469335723386e+01
1.328890495994233056e+01
1.328998450233458151e+01
1.329105342602500173e+01
1.329211183546675201e+01
1.329315983408534585e+01
1.329419752428877111e+01
1.329522500747750158e+01
1.329624238405441616e+01
1.329724975343461679e+01
1.329824721405515398e+01
1.329923486338464933e+01
1.330021279793283107e+01
1.330118111325996821e+01
1.330213990398622137e+01
1.330308926380088685e+01
1.330402928547156627e+01
1.330496006085323302e+01
1.330588168089721890e+01
1.330679423566010122e+01
1.330769781431251531e+01
1.330859250514786751e+01
1.330947839559097190e+01
1.331035557220659982e+01
1.331122412070793892e+01
1.331208412596497759e+01
1.331293567201280048e+01
1.331377884205980777e+01
1.331461371849584907e+01
1.331544038290027565e+01
1.331625891604991985e+01
1.331706939792699274e+01
1.331787190772689833e+01
1.331866652386598204e+01
1.331945332398919213e+01
1.332023238497767537e+01
1.332100378295628751e+01
1.332176759330103799e+01
1.332252389064645826e+01
1.332327274889289903e+01
1.332401424121375122e+01
1.332474844006260106e+01
1.332547541718031248e+01
1.332619524360203833e+01
1.332690798966416779e+01
1.332761372501119723e+01
1.332831251860253907e+01
1.332900443871926655e+01
1.332968955297078217e+01
1.333036792830142936e+01
1.333103963099703471e+01
1.333170472669138817e+01
1.333236328037265750e+01
1.333301535638974045e+01
1.333366101845855489e+01
1.333430032966826673e+01
1.333493335248745204e+01
1.333556014877020957e+01
1.333618077976220029e+01
1.333679530610663555e+01
1.333740378785020653e+01
1.333800628444894976e+01
1.333860285477405938e+01
1.333919355711763899e+01
1.333977844919840194e+01
1.334035758816730954e+01
1.334093103061315766e+01
1.334149883256810654e+01
1.334206104951315908e+01
1.334261773638358228e+01
1.334316894757427185e+01
1.334371473694507593e+01
1.334425515782605132e+01
1.334479026302267890e+01
1.334532010482102393e+01
1.334584473499284485e+01
1.334636420480065588e+01
1.334687856500273107e+01
1.334738786585806913e+01
1.334789215713130517e+01
1.334839148809756892e+01
1.334888590754730764e+01
1.334937546379104667e+01
1.334986020466411638e+01
1.335034017753132218e+01
1.335081542929157727e+01
1.335128600638248209e+01
1.335175195478486287e+01
1.335221332002726768e+01
1.335267014719041434e+01
1.335312248091159226e+01
1.335357036538902875e+01
1.335401384438620731e+01
1.335445296123614156e+01
1.335488775884561363e+01
1.335531827969936103e+01
1.335574456586423508e+01
1.335616665899330791e+01
1.335658460032994377e+01
1.335699843071182613e+01
1.335740819057495266e+01
1.335781391995758405e+01
1.335821565850415915e+01
1.335861344546916207e+01
1.335900731972096800e+01
1.335939731974563216e+01
1.335978348365065393e+01
1.336016584916870364e+01
1.336054445366130494e+01
1.336091933412248700e+01
1.336129052718240118e+01
1.336165806911089859e+01
1.336202199582107220e+01
1.336238234287277216e+01
1.336273914547607333e+01
1.336309243849472139e+01
1.336344225644953632e+01
1.336378863352178747e+01
1.336413160355653140e+01
1.336447120006591938e+01
1.336480745623247479e+01
1.336514040491233146e+01
1.336547007863844883e+01
1.336579650962378452e+01
1.336611972976444740e+01
1.336643977064281152e+01
1.336675666353060343e+01
1.339023735938319604e+01
1.343201924333428821e+01
1.348820922503309561e+01
1.355569972111496924e+01
1.363200780970804971e+01
1.360466568047435665e+01
1.359442154847985229e+01
1.359906678450587947e+01
1.361665788807201416e+01
1.364549302828734234e+01
1.368407536839655592e+01
1.373109225781983866e+01
1.378539324068722216e+01
1.384596657725317392e+01
1.391192549050748539e+01
1.398249352889738795e+01
1.405698867639968697e+01
1.413481220225132340e+01
1.421544020854211077e+01
1.429841431015704600e+01
1.438333243537753603e+01
1.446984179533372483e+01
1.455763371087182279e+01
1.464643875920496363e+01
1.473602166026718230e+01
1.482617650960097855e+01
1.491672302471383560e+01
1.500750376381686735e+01
1.509838176118115882e+01
1.518923812336749712e+01
1.527996956700721753e+01
1.537048618394497268e+01
1.546070968697967096e+01
1.555057213915225489e+01
1.564001495084643167e+01
1.572898789904796679e+01
1.581744806098412148e+01
1.590535872743417301e+01
1.599268844639922982e+01
1.607941030883852562e+01
1.616550147516334235e+01
1.625094284029324854e+01
1.633571870749783983e+01
1.641981639117069847e+01
1.650322575349935761e+01
1.658593874553519854e+01
1.666794903635291902e+01
1.674925177622123229e+01
1.682984347956268678e+01
1.690972196678311334e+01
1.698888629359165492e+01
1.706733662230601922e+01
1.714507403350598835e+01
1.722210031423979615e+01
1.729841777369664868e+01
1.737402912527773680e+01
1.744893744462640583e+01
1.752314618231168097e+01
1.759665919172968884e+01
1.766948073374636508e+01
1.774161543660162721e+01
1.781306821320110600e+01
1.788384415748600276e+01
1.795394844976464199e+01
1.802338629599714892e+01
1.809216291169639135e+01
1.816028354414017087e+01
1.822775351383846498e+01
1.829457825192566744e+01
1.836076331479401347e+01
1.842631436795757338e+01
1.849123714325530443e+01
1.855553738270961261e+01
1.861922078595052099e+01
1.868229297564676727e+01
1.874475948844501616e+01
1.880662579032073012e+01
1.886789730794438213e+01
1.892857946379021783e+01
1.898867770300357805e+01
1.904819750384764276e+01
1.910714436926971160e+01
1.916552380285465773e+01
1.922334127655875591e+01
1.928060219921936280e+01
1.933731189381261117e+01
1.939347558839402552e+01
1.944909842166438452e+01
1.950418546031674794e+01
1.955874172268612909e+01
1.961277220225537476e+01
1.966628188528634880e+01
1.971927575884310713e+01
1.977175880810457187e+01
1.982373600443296979e+01
1.987521228759865011e+01
1.992619254651843974e+01
1.997668160276447580e+01
2.002668420010256511e+01
2.007620500174952838e+01
2.012524859529825605e+01
2.017381950372773503e+01
2.022192219987629969e+01
2.026956112135303556e+01
2.031674068308829106e+01
2.036346528545179169e+01
2.040973931689036647e+01
2.045556715112872226e+01
2.050095313993071144e+01
2.054590160308637792e+01
2.059041681759491738e+01
2.063450300795241077e+01
2.067816433908330609e+01
2.072140491287708386e+01
2.076422876862606515e+01
2.080663988702450595e+01
2.084864219687911913e+01
2.089023958335969766e+01
2.093143589650971848e+01
2.097223495882868249e+01
2.101264057099012916e+01
2.105265651511344416e+01
2.109228655540032449e+01
2.113153443631837902e+01
2.117040387881776908e+01
2.120889857527114231e+01
2.124702218391916730e+01
2.128477832358683841e+01
2.132217056932607946e+01
2.135920244946326463e+01
2.139587744431644012e+01
2.143219898662659162e+01
2.146817046354696501e+01
2.150379521987509435e+01
2.153907656210662580e+01
2.157401776284327255e+01
2.160862206509647621e+01
2.164289268608544603e+01
2.167683282022044011e+01
2.171044564107502239e+01
2.174373430227045745e+01
2.177670193730803661e+01
2.180935165848121216e+01
2.184168655507147250e+01
2.187370969107670859e+01
2.190542410273750562e+01
2.193683279611779469e+01
2.196793874496566445e+01
2.199874488903344982e+01
2.202925413297957746e+01
2.205946934591425546e+01
2.208939336159249223e+01
2.211902897920577615e+01
2.214837896468148415e+01
2.217744605236895339e+01
2.220623294697381311e+01
2.223474232559744479e+01
2.226297683974505759e+01
2.229093911718169707e+01
2.231863176353829559e+01
2.234605736359691619e+01
2.237321848221319343e+01
2.240011766486227884e+01
2.242675743782052677e+01
2.245314030801726091e+01
2.247926876260813600e+01
2.250514526833363504e+01
2.253077227073279687e+01
2.255615219328372945e+01
2.258128743653952597e+01
2.260618037732140095e+01
2.263083336802133516e+01
2.265524873605500389e+01
2.267942878349331437e+01
2.270337578688822333e+01
2.272709199729652241e+01
2.275057964049437942e+01
2.277384091736620064e+01
2.279687800444411394e+01
2.281969305456908259e+01
2.284228819764150131e+01
2.286466554142795715e+01
2.288682717239138498e+01
2.290877515651400742e+01
2.293051154008568915e+01
2.295203835043466256e+01
2.297335759658231069e+01
2.299447126980879830e+01
2.301538134412140835e+01
2.303608977662230828e+01
2.305659850777688646e+01
2.307690946158764334e+01
2.309702454568189722e+01
2.311694565132397372e+01
2.313667465336441609e+01
2.315621341013979873e+01
2.317556376333710588e+01
2.319472753783658092e+01
2.321370654154617696e+01
2.323250256523974500e+01
2.325111738240965309e+01
2.326955274914293526e+01
2.328781040402827074e+01
2.330589206809933955e+01
2.332379944481825973e+01
2.334153422010109935e+01
2.335909806238587549e+01
2.337649262274204531e+01
2.339371953501922974e+01
2.341078041603191906e+01
2.342767686577609609e+01
2.344441046767317260e+01
2.346098278883617283e+01
2.347739538035300555e+01
2.349364977758161643e+01
2.350974750045198292e+01
2.352569005377013767e+01
2.354147892751987925e+01
2.355711559715819803e+01
2.357260152390105290e+01
2.358793815499659274e+01
2.360312692398357015e+01
2.361816925093322794e+01
2.363306654267345763e+01
2.364782019299457971e+01
2.366243158283658943e+01
2.367690208045804567e+01
2.369123304158727450e+01
2.370542580955678247e+01
2.371948171542205941e+01
2.373340207806617386e+01
2.374718820429167110e+01
2.376084138890143649e+01
2.377436291477015473e+01
2.378775405290807043e+01
2.380101606251871260e+01
2.381415019105213204e+01
2.382715767425519360e+01
2.384003973622026962e+01
2.385279758943363149e+01
2.386543243482462273e+01
2.387794546181661914e+01
2.389033784838059660e+01
2.390261076109198868e+01
2.391476535519135638e+01
2.392680277464929262e+01
2.393872415223581740e+01
2.395053060959440216e+01
2.396222325732067659e+01
2.397380319504575041e+01
2.398527151152400450e+01
2.399662928472513812e+01
2.400787758193015975e+01
2.401901745983103353e+01
2.403004996463357656e+01
2.404097613216321250e+01
2.405179698797316945e+01
2.406251354745469939e+01
2.407312681594887138e+01
2.408363778885953010e+01
2.409404745176699336e+01
2.410435678054211550e+01
2.411456674146031531e+01
2.412467829131524510e+01
2.413469237753175278e+01
2.414460993827787760e+01
2.415443190257557760e+01
2.416415919040998261e+01
2.417379271283699183e+01
2.418333337208898826e+01
2.419278206167858514e+01
2.420213966650028325e+01
2.421140706292992206e+01
2.422058511892191035e+01
2.422967469410416896e+01
2.423867663987079979e+01
2.424759179947245613e+01
2.425642100810446422e+01
2.426516509299273139e+01
2.427382487347747286e+01
2.428240116109484958e+01
2.429089475965657385e+01
2.429930646532756100e+01
2.430763706670172652e+01
2.431588734487601400e+01
2.432405807352274252e+01
2.433215001896037677e+01
2.434016394022281915e+01
2.434810058912730213e+01
2.435596071034100163e+01
2.436374504144644604e+01
2.437145431300579901e+01
2.437908924862413329e+01
2.438665056501174888e+01
2.439413897204562431e+01
2.440155517283006859e+01
2.440889986375664478e+01
2.441617373456343643e+01
2.442337746839368151e+01
2.443051174185386643e+01
2.443757722507130836e+01
2.444457458175125808e+01
2.445150446923358700e+01
2.445836753854906931e+01
2.446516443447529454e+01
2.447189579559224626e+01
2.447856225433755029e+01
2.448516443706141743e+01
2.449170296408130554e+01
2.449817844973630443e+01
2.450459150244122952e+01
2.451094272474047742e+01
2.451723271336159726e+01
2.452346205926862410e+01
2.452963134771513509e+01
2.453574115829704283e+01
2.454179206500513644e+01
2.454778463627734553e+01
2.455371943505072707e+01
2.455959701881316448e+01
2.456541793965479670e+01
2.457118274431912397e+01
2.457689197425383654e+01
2.458254616566131290e+01
2.458814584954879834e+01
2.459369155177827082e+01
2.459918379311594805e+01
2.460462308928146768e+01
2.461000995099670519e+01
2.461534488403423993e+01
2.462062838926544828e+01
2.462586096270822722e+01
2.463104309557433425e+01
2.463617527431634713e+01
2.464125798067423645e+01
2.464629169172154022e+01
2.465127687991112282e+01
2.465621401312056804e+01
2.466110355469712445e+01
2.466594596350227420e+01
2.467074169395587191e+01
2.467549119607987151e+01
2.468019491554165157e+01
2.468485329369691428e+01
2.468946676763216175e+01
2.469403577020677076e+01
2.469856073009465547e+01
2.470304207182549305e+01
2.470748021582554799e+01
2.471187557845809479e+01
2.471622857206341095e+01
2.472053960499837189e+01
2.472480908167563030e+01
2.472903740260241179e+01
2.473322496441888418e+01
2.473737215993613958e+01
2.474147937817378917e+01
2.474554700439715305e+01
2.474957542015406631e+01
2.475356500331130505e+01
2.475751612809061797e+01
2.476142916510439917e+01
2.476530448139097373e+01
2.476914244044951730e+01
2.477294340227461689e+01
2.477670772339045513e+01
2.478043575688465339e+01
2.478412785244174898e+01
2.478778435637633848e+01
2.479140561166586210e+01
2.479499195798304712e+01
2.479854373172802795e+01
2.480206126606012518e+01
2.480554489092929416e+01
2.480899493310725745e+01
2.481241171621831043e+01
2.481579556076980708e+01
2.481914678418234743e+01
2.482246570081964876e+01
2.482575262201810773e+01
2.482900785611607120e+01
2.483223170848280503e+01
2.483542448154716809e+01
2.483858647482600901e+01
2.484171798495226113e+01
2.484481930570276020e+01
2.484789072802579923e+01
2.485093254006837782e+01
2.485394502720321341e+01
2.485692847205545064e+01
2.485988315452913611e+01
2.486280935183341256e+01
2.486570733850845372e+01
2.486857738645115745e+01
2.487141976494057261e+01
2.487423474066307705e+01
2.487702257773732128e+01
2.487978353773890916e+01
2.488251787972485118e+01
2.488522586025777628e+01
2.488790773342990548e+01
2.489056375088679829e+01
2.489319416185085032e+01
2.489579921314458844e+01
2.489837914921372430e+01
2.490093421214998770e+01
2.490346464171373952e+01
2.490597067535637521e+01
2.490845254824248656e+01
2.491091049327184237e+01
2.491334474110114172e+01
2.491575552016554695e+01
2.491814305670003549e+01
2.492050757476052425e+01
2.492284929624480228e+01
2.492516844091326078e+01
2.492746522640942075e+01
2.492973986828026867e+01
2.493199257999639684e+01
2.493422357297195191e+01
2.493643305658438436e+01
2.493862123819402044e+01
2.494078832316343863e+01
2.494293451487666502e+01
2.494506001475818735e+01
2.494716502229178445e+01
2.494924973503916732e+01
2.495131434865846387e+01
2.495335905692250122e+01
2.495538405173693874e+01
2.495738952315820214e+01
2.495937565941127190e+01
2.496134264690727989e+01
2.496329067026096027e+01
2.496521991230790505e+01
2.496713055412168814e+01
2.496902277503079759e+01
2.497089675263542574e+01
2.497275266282407813e+01
2.497459067979005454e+01
2.497641097604774174e+01
2.497821372244876770e+01
2.497999908819800297e+01
2.498176724086939515e+01
2.498351834642166480e+01
2.498525256921384852e+01
2.498697007202069642e+01
2.498867101604790619e+01
2.499035556094723631e+01
2.499202386483145588e+01
2.499367608428916299e+01
2.499531237439945031e+01
2.499693288874643926e+01
2.499853777943367206e+01
2.500012719709836873e+01
2.500170129092554205e+01
2.500326020866198107e+01
2.500480409663009951e+01
2.500633309974165996e+01
2.500784736151134879e+01
2.500934702407023380e+01
2.501083222817909757e+01
2.501230311324162514e+01
2.501375981731748510e+01
2.501520247713527567e+01
2.501663122810533579e+01
2.501804620433246029e+01
2.501944753862846937e+01
2.502083536252466445e+01
2.502220980628417024e+01
2.502357099891415615e+01
2.502491906817792966e+01
2.502625414060693032e+01
2.502757634151259580e+01
2.502888579499811783e+01
2.503018262397009508e+01
2.503146695015005463e+01
2.503273889408587394e+01
2.503399857516310689e+01
2.503524611161616420e+01
2.503648162053942627e+01
2.503770521789822467e+01
2.503891701853972407e+01
2.504011713620370827e+01
2.504130568353324193e+01
2.504248277208525764e+01
2.504364851234101508e+01
2.504480301371647144e+01
2.504594638457255940e+01
2.504707873222535497e+01
2.504820016295614238e+01
2.504931078202139716e+01
2.505041069366267337e+01
2.505150000111637709e+01
2.505257880662346537e+01
2.505364721143903850e+01
2.505470531584184712e+01
2.505575321914370690e+01
2.505679101969882439e+01
2.505781881491302698e+01
2.505883670125290408e+01
2.505984477425487711e+01
2.506084312853414886e+01
2.506183185779360301e+01
2.506281105483259708e+01
2.506378081155566662e+01
2.506474121898116536e+01
2.506569236724980243e+01
2.506663434563311554e+01
2.506756724254183410e+01
2.506849114553419966e+01
2.506940614132417977e+01
2.507031231578960373e+01
2.507120975398023432e+01
2.507209854012574723e+01
2.507297875764364292e+01
2.507385048914707681e+01
2.507471381645261488e+01
2.507556882058792169e+01
2.507641558179935970e+01
2.507725417955953517e+01
2.507808469257474115e+01
2.507890719879237196e+01
2.507972177540822045e+01
2.508052849887373981e+01
2.508132744490321642e+01
2.508211868848087533e+01
2.508290230386792885e+01
2.508367836460954692e+01
2.508444694354175653e+01
2.508520811279828422e+01
2.508596194381733469e+01
2.508670850734828761e+01
2.508744787345835192e+01
2.508818011153913119e+01
2.508890529031314998e+01
2.508962347784030555e+01
2.509033474152424859e+01
2.509103914811872471e+01
2.509173676373383088e+01
2.509242765384222906e+01
2.509311188328529596e+01
2.509378951627920173e+01
2.509446061642094605e+01
2.509512524669432665e+01
2.509578346947585459e+01
2.509643534654060915e+01
2.509708093906803938e+01
2.509772030764770889e+01
2.509835351228498013e+01
2.509898061240665257e+01
2.509960166686654048e+01
2.510021673395099739e+01
2.510082587138438726e+01
2.510142913633451300e+01
2.510202658541797049e+01
2.510261827470547402e+01
2.510320425972711433e+01
2.510378459547757757e+01
2.510435933642130735e+01
2.510492853649761003e+01
2.510549224912572797e+01
2.510605052720985597e+01
2.510660342314409732e+01
2.510715098881739138e+01
2.510769327561838438e+01
2.510823033444025043e+01
2.510876221568547351e+01
2.510928896927057252e+01
2.510981064463079804e+01
2.511032729072476144e+01
2.511083895603904281e+01
2.511134568859273131e+01
2.511184753594194063e+01
2.511234454518427484e+01
2.511283676296324074e+01
2.511332423547263559e+01
2.511380700846088487e+01
2.511428512723532336e+01
2.511475863666646546e+01
2.511522758119220455e+01
2.511569200482199093e+01
2.511615195114096366e+01
2.511660746331403971e+01
2.511705858408996761e+01
2.511750535580533850e+01
2.511794782038856155e+01
2.511838601936379689e+01
2.511881999385486353e+01
2.511924978458908697e+01
2.511967543190112906e+01
2.512009697573677514e+01
2.512051445565667862e+01
2.512092791084008425e+01
2.512133738008849448e+01
2.512174290182931813e+01
2.512214451411947636e+01
2.512254225464897317e+01
2.512293616074443747e+01
2.512332626937262603e+01
2.512371261714389092e+01
2.512409524031561503e+01
2.512447417479561906e+01
2.512484945614552956e+01
2.512522111958412196e+01
2.512558919999061757e+01
2.512595373190796266e+01
2.512631474954607924e+01
2.512667228678505538e+01
2.512702637717834619e+01
2.512737705395591448e+01
2.512772435002734639e+01
2.512806829798494590e+01
2.512840893010679366e+01
2.512874627835977392e+01
2.512908037440257658e+01
2.512941124958867078e+01
2.512973893496924660e+01
2.513006346129612467e+01
2.513038485902465169e+01
2.513070315831655321e+01
2.513101838904276164e+01
2.513133058078622994e+01
2.513163976284469925e+01
2.513194596423345217e+01
2.512535672166021072e+01
2.511277567532165378e+01
2.509499639556788253e+01
2.507271589782872923e+01
2.504654587948433075e+01
2.501702274292705752e+01
2.498461680412824037e+01
2.494974057691302605e+01
2.491275599120184836e+01
2.487398057839372711e+01
2.483369279004686092e+01
2.479213664062513089e+01
2.474952582049534300e+01
2.470604736613074337e+01
2.466186493167589688e+01
2.461712168631721909e+01
2.457194285917772802e+01
2.452643795879278699e+01
2.448070270072868482e+01
2.443482068083762826e+01
2.438886483185742904e+01
2.434289869802015716e+01
2.429697755720922814e+01
2.425114941428260806e+01
2.420545588350889332e+01
2.415993297332142831e+01
2.411461178309756903e+01
2.406951911943769673e+01
2.402467803827707371e+01
2.398010831882985627e+01
2.393582687552017774e+01
2.389184811439980294e+01
2.384818424084181743e+01
2.380484552536798759e+01
2.376184053423149933e+01
2.371917633083146626e+01
2.367685865323662142e+01
2.363489207213744336e+01
2.359328013253777101e+01
2.355202548154292330e+01
2.351112998378458485e+01
2.347059482539825126e+01
2.343042060705939633e+01
2.339060742638417167e+01
2.335115494997925012e+01
2.331206247553809874e+01
2.327332898457370547e+01
2.323495318659720610e+01
2.319693355575079252e+01
2.315926836104613784e+01
2.312195569142452456e+01
2.308499347683478931e+01
2.304837950642549416e+01
2.301211144478397941e+01
2.297618684694902669e+01
2.294060317269969929e+01
2.290535780040382718e+01
2.287044804051511093e+01
2.283587114865214573e+01
2.280162433808423117e+01
2.276770479138992087e+01
2.273410967104229030e+01
2.270083612870270784e+01
2.266788131306322285e+01
2.263524237615503765e+01
2.260291647812611160e+01
2.257090079057421406e+01
2.253919249859440654e+01
2.250778880175571928e+01
2.247668691425709042e+01
2.244588406452647078e+01
2.241537749452010075e+01
2.238516445895459128e+01
2.235524222466623812e+01
2.232560807024494309e+01
2.229625928603871188e+01
2.226719317457373748e+01
2.223840705138799478e+01
2.220989824623631037e+01
2.218166410459378568e+01
2.215370198936332002e+01
2.212600928268195233e+01
2.209858338771908137e+01
2.207142173036628208e+01
2.204452176073166569e+01
2.201788095436974402e+01
2.199149681319874361e+01
2.196536686607936772e+01
2.193948866905045492e+01
2.191385980523666888e+01
2.188847788445999143e+01
2.186334054259987880e+01
2.183844544075592609e+01
2.181379026427194390e+01
2.178937272168141348e+01
2.176519054363195593e+01
2.174124148184131045e+01
2.171752330812980958e+01
2.169403381356546490e+01
2.167077080774795306e+01
2.164773211824784482e+01
2.162491559020782006e+01
2.160231908610373708e+01
2.157994048565587164e+01
2.155777768587430998e+01
2.153582860121776221e+01
2.151409116384189346e+01
2.149256332391154345e+01
2.147124304995091393e+01
2.145012832920669510e+01
2.142921716800103837e+01
2.140850759205396514e+01
2.138799764675814430e+01
2.136768539739253470e+01
2.134756892926525751e+01
2.132764634777977975e+01
2.130791577842208184e+01
2.128837536666978636e+01
2.126902327782700652e+01
2.124985769679119940e+01
2.123087682776009189e+01
2.121207889388817236e+01
2.119346213690314684e+01
2.117502481669310654e+01
2.115676521087517514e+01
2.113868161435596704e+01
2.112077233889350225e+01
2.110303571266925005e+01
2.108547007987783317e+01
2.106807380034065957e+01
2.105084524914843058e+01
2.103378281633613156e+01
2.101688490659283204e+01
2.100014993900738958e+01
2.098357634685005380e+01
2.096716257738893319e+01
2.095090709173951993e+01
2.093480836474468987e+01
2.091886488488209750e+01
2.090307515419550199e+01
2.088743768824626557e+01
2.087195101608115166e+01
2.085661368021260742e+01
2.084142423660771470e+01
2.082638125468227130e+01
2.081148331729666623e+01
2.079672902075054708e+01
2.078211697477362563e+01
2.076764580251037273e+01
2.075331414049668410e+01
2.073912063862706390e+01
2.072506396011120344e+01
2.071114278141923748e+01
2.069735579221527644e+01
2.068370169527912950e+01
2.067017920641643514e+01
2.065678705435762907e+01
2.064352398064642458e+01
2.063038873951860097e+01
2.061738009777209157e+01
2.060449683462939419e+01
2.059173774159344106e+01
2.057910162229810425e+01
2.056658729235445904e+01
2.055419357919400269e+01
2.054191932190990144e+01
2.052976337109735283e+01
2.051772458869403337e+01
2.050580184782155868e+01
2.049399403262874131e+01
2.048230003813742073e+01
2.047071877009145879e+01
2.045924914480943357e+01
2.044789008904149696e+01
2.043664053983069095e+01
2.042549944437901743e+01
2.041446575991840007e+01
2.040353845358662710e+01
2.039271650230833188e+01
2.038199889268089748e+01
2.037138462086525337e+01
2.036087269248136877e+01
2.035046212250826514e+01
2.034015193518832731e+01
2.032994116393565420e+01
2.031982885124817884e+01
2.030981404862327722e+01
2.029989581647655683e+01
2.029007322406354064e+01
2.028034534940395872e+01
2.027071127920832083e+01
2.026117010880651748e+01
2.025172094207817608e+01
2.024236289138450218e+01
2.023309507750136049e+01
2.022391662955339342e+01
2.021482668494894597e+01
2.020582438931562663e+01
2.019690889643631593e+01
2.018807936818549464e+01
2.017933497446574975e+01
2.017067489314434070e+01
2.016209830998974439e+01
2.015360441860809004e+01
2.014519242037941993e+01
2.013686152439374766e+01
2.012861094738686063e+01
2.012043991367584894e+01
2.011234765509436428e+01
2.010433341092760173e+01
2.009639642784701508e+01
2.008853595984476925e+01
2.008075126816799738e+01
2.007304162125285174e+01
2.006540629465839842e+01
2.005784457100039120e+01
2.005035573988499209e+01
2.004293909784245287e+01
2.003559394826081075e+01
2.002831960131966582e+01
2.002111537392405083e+01
2.001398058963848570e+01
2.000691457862122746e+01
1.999991667755877600e+01
1.999298622960067107e+01
1.998612258429463395e+01
1.997932509752207864e+01
1.997259313143405279e+01
1.996592605438760515e+01
1.995932324088265730e+01
1.995278407149936228e+01
1.994630793283602443e+01
1.993989421744756996e+01
1.993354232378458590e+01
1.992725165613298799e+01
1.992102162455429237e+01
1.991485164482651271e+01
1.990874113838571802e+01
1.990268953226821935e+01
1.989669625905344219e+01
1.989076075680744538e+01
1.988488246902711509e+01
1.987906084458502320e+01
1.987329533767496059e+01
1.986758540775812776e+01
1.986193051951000754e+01
1.985633014276787733e+01
1.985078375247898208e+01
1.984529082864936811e+01
1.983985085629333511e+01
1.983446332538353829e+01
1.982912773080170155e+01
1.982384357228995952e+01
1.981861035440278584e+01
1.981342758645953239e+01
1.980829478249753706e+01
1.980321146122582121e+01
1.979817714597933076e+01
1.979319136467374207e+01
1.978825364976080792e+01
1.978336353818422211e+01
1.977852057133600994e+01
1.977372429501342666e+01
1.976897425937634267e+01
1.976427001890513679e+01
1.975961113235903710e+01
1.975499716273494855e+01
1.975042767722672821e+01
1.974590224718490816e+01
1.974142044807685181e+01
1.973698185944734718e+01
1.973258606487960165e+01
1.972823265195667375e+01
1.972392121222328498e+01
1.971965134114802609e+01
1.971542263808597184e+01
1.971123470624165108e+01
1.970708715263240052e+01
1.970297958805209149e+01
1.969891162703519782e+01
1.969488288782122964e+01
1.969089299231951884e+01
1.968694156607433143e+01
1.968302823823032455e+01
1.967915264149834087e+01
1.967531441212151577e+01
1.967151318984171482e+01
1.966774861786628392e+01
1.966402034283511213e+01
1.966032801478801417e+01
1.965667128713239720e+01
1.965304981661124017e+01
1.964946326327136816e+01
1.964591129043202500e+01
1.964239356465372666e+01
1.963890975570740949e+01
1.963545953654385201e+01
1.963204258326338802e+01
1.962865857508589684e+01
1.962530719432105641e+01
1.962198812633888778e+01
1.961870105954055177e+01
1.961544568532942279e+01
1.961222169808242199e+01
1.960902879512161334e+01
1.960586667668607319e+01
1.960273504590399085e+01
1.959963360876504979e+01
1.959656207409304685e+01
1.959352015351877441e+01
1.959050756145313699e+01
1.958752401506053076e+01
1.958456923423245399e+01
1.958164294156136975e+01
1.957874486231480660e+01
1.957587472440970089e+01
1.957303225838697003e+01
1.957021719738633081e+01
1.956742927712134517e+01
1.956466823585468617e+01
1.956193381437366696e+01
1.955922575596595436e+01
1.955654380639554901e+01
1.955388771387895730e+01
1.955125722906161201e+01
1.954865210499449546e+01
1.954607209711098648e+01
1.954351696320393117e+01
1.954098646340291623e+01
1.953848036015177669e+01
1.953599841818629201e+01
1.953354040451210594e+01
1.953110608838285600e+01
1.952869524127850198e+01
1.952630763688386395e+01
1.952394305106736283e+01
1.952160126185996347e+01
1.951928204943432377e+01
1.951698519608412496e+01
1.951471048620361870e+01
1.951245770626734455e+01
1.951022664481007851e+01
1.950801709240692716e+01
1.950582884165364916e+01
1.950366168714714377e+01
1.950151542546614181e+01
1.949938985515205658e+01
1.949728477669004789e+01
1.949519999249024593e+01
1.949313530686917062e+01
1.949109052603131431e+01
1.948906545805090929e+01
1.948705991285387995e+01
1.948507370219994783e+01
1.948310663966492129e+01
1.948115854062315933e+01
1.947922922223019171e+01
1.947731850340552739e+01
1.947542620481559794e+01
1.947355214885689279e+01
1.947169615963925082e+01
1.946985806296929766e+01
1.946803768633406406e+01
1.946623485888475358e+01
1.946444941142065943e+01
1.946268117637324835e+01
1.946092998779039718e+01
1.945919568132077160e+01
1.945747809419836827e+01
1.945577706522719907e+01
1.945409243476612460e+01
1.945242404471384390e+01
1.945077173849400509e+01
1.944913536104049001e+01
1.944751475878281610e+01
1.944590977963170175e+01
1.944432027296475596e+01
1.944274608961230655e+01
1.944118708184337052e+01
1.943964310335177004e+01
1.943811400924236210e+01
1.943659965601741391e+01
1.943509990156310963e+01
1.943361460513618511e+01
1.943214362735070111e+01
1.943068683016492670e+01
1.942924407686836119e+01
1.942781523206888750e+01
1.942640016168003925e+01
1.942499873290839218e+01
1.942361081424108349e+01
1.942223627543345188e+01
1.942087498749678787e+01
1.941952682268621544e+01
1.941819165448868034e+01
1.941686935761106270e+01
1.941555980796839975e+01
1.941426288267222233e+01
1.941297846001901206e+01
1.941170641947876163e+01
1.941044664168364164e+01
1.940919900841679890e+01
1.940796340260123287e+01
1.940673970828880357e+01
1.940552781064934251e+01
1.940432759595985246e+01
1.940313895159383506e+01
1.940196176601069666e+01
1.940079592874528558e+01
1.939964133039750394e+01
1.939849786262203324e+01
1.939736541811816295e+01
1.939624389061970788e+01
1.939513317488502508e+01
1.939403316668713018e+01
1.939294376280391674e+01
1.939186486100844675e+01
1.939079636005936536e+01
1.938973815969138315e+01
1.938869016060586148e+01
1.938765226446149725e+01
1.938662437386507520e+01
1.938560639236232674e+01
1.938459822442888481e+01
1.938359977546129542e+01
1.938261095176814663e+01
1.938163166056127551e+01
1.938066180994704268e+01
1.937970130891772058e+01
1.937875006734293493e+01
1.937780799596120929e+01
1.937687500637159133e+01
1.937595101102534656e+01
1.937503592321774093e+01
1.937412965707989798e+01
1.937323212757074486e+01
1.937234325046902939e+01
1.937146294236540811e+01
1.937059112065462330e+01
1.936972770352774376e+01
1.936887260996449101e+01
1.936802575972562934e+01
1.936718707334543765e+01
1.936635647212425226e+01
1.936553387812107729e+01
1.936471921414626962e+01
1.936391240375429845e+01
1.936311337123656173e+01
1.936232204161429138e+01
1.936153834063151180e+01
1.936076219474806592e+01
1.935999353113272292e+01
1.935923227765633570e+01
1.935847836288507295e+01
1.935773171607372234e+01
1.935699226715903976e+01
1.935625994675318395e+01
1.935553468613720085e+01
1.935481641725457536e+01
1.935410507270484359e+01
1.935340058573727262e+01
1.935270289024458990e+01
1.935201192075678378e+01
1.935132761243496446e+01
1.935064990106526750e+01
1.934997872305283906e+01
1.934931401541586382e+01
1.934865571577965326e+01
1.934800376237080144e+01
1.934735809401137629e+01
1.934671865011318914e+01
1.934608537067210321e+01
1.934545819626240615e+01
1.934483706803123582e+01
1.934422192769305227e+01
1.934361271752417011e+01
1.934300938035735129e+01
1.934241185957642628e+01
1.934182009911099698e+01
1.934123404343116093e+01
1.934065363754231015e+01
1.934007882697997260e+01
1.933950955780469627e+01
1.933894577659699010e+01
1.933838743045230757e+01
1.933783446697609065e+01
1.933728683427885287e+01
1.933674448097130139e+01
1.933620735615952668e+01
1.933567540944022056e+01
1.933514859089594751e+01
1.933462685109046220e+01
1.933411014106407322e+01
1.933359841232904941e+01
1.933309161686506172e+01
1.933258970711468905e+01
1.933209263597894889e+01
1.933160035681288136e+01
1.933111282342117221e+01
1.933062999005381855e+01
1.933015181140183358e+01
1.932967824259300471e+01
1.932920923918766576e+01
1.932874475717454743e+01
1.932828475296663839e+01
1.932782918339708900e+01
1.932737800571517184e+01
1.932693117758227075e+01
1.932648865706789820e+01
1.932605040264577312e+01
1.932561637318991288e+01
1.932518652797078573e+01
1.932476082665148454e+01
1.932433922928394310e+01
1.932392169630518097e+01
1.932350818853360153e+01
1.932309866716531133e+01
1.932269309377047861e+01
1.932229143028973084e+01
1.932189363903058066e+01
1.932149968266388740e+01
1.932110952422036121e+01
1.932072312708709205e+01
1.932034045500410713e+01
1.931996147206097802e+01
1.931958614269344920e+01
1.931921443168009844e+01
1.931884630413903636e+01
1.931848172552462728e+01
1.931812066162425268e+01
1.931776307855509955e+01
1.931740894276098430e+01
1.931705822100920145e+01
1.931671088038740081e+01
1.931636688830051085e+01
1.931602621246767271e+01
1.931568882091920969e+01
1.931535468199363592e+01
1.931502376433467205e+01
1.931469603688832137e+01
1.931437146889993883e+01
1.931405002991135333e+01
1.931373168975801491e+01
1.931341641856615254e+01
1.931310418674998175e+01
1.931279496500892279e+01
1.931248872432485442e+01
1.931218543595938897e+01
1.931188507145117583e+01
1.931158760261323337e+01
1.931129300153029860e+01
1.931100124055621947e+01
1.931071229231134723e+01
1.931042612967997485e+01
1.931014272580779334e+01
1.930986205409936929e+01
1.930958408821565087e+01
1.930930880207149514e+01
1.930903616983322024e+01
1.930876616591618600e+01
1.930849876498238515e+01
1.930823394193807374e+01
1.930797167193141206e+01
1.930771193035013411e+01
1.930745469281923832e+01
1.930719993519870314e+01
1.930694763358121335e+01
1.930669776428992535e+01
1.930645030387624672e+01
1.930620522911762649e+01
1.930596251701538435e+01
1.930572214479255067e+01
1.930548408989172771e+01
1.930524832997297224e+01
1.930501484291170300e+01
1.930478360679662586e+01
1.930455459992766620e+01
1.930432780081395094e+01
1.930410318817177640e+01
1.930388074092261874e+01
1.930366043819115163e+01
1.930344225930329927e+01
1.930322618378427535e+01
1.930301219135668589e+01
1.930280026193860721e+01
1.930259037564171365e+01
1.930238251276940176e+01
1.930217665381494996e+01
1.930197277945968892e+01
1.930177087057117902e+01
1.930157090820142329e+01
1.930137287358509113e+01
1.930117674813775253e+01
1.930098251345413018e+01
1.930079015130638354e+01
1.930059964364239278e+01
1.930041097258406069e+01
1.930022412042564284e+01
1.930003906963208493e+01
1.929985580283736724e+01
1.929967430284288810e+01
1.929949455261584390e+01
1.929931653528763036e+01
1.929914023415226509e+01
1.929896563266481380e+01
1.929879271443983768e+01
1.929862146324985872e+01
1.929845186302383908e+01
1.929828389784566767e+01
1.929811755195267153e+01
1.929795280973413085e+01
1.929778965572982230e+01
1.929762807462856244e+01
1.929746805126677245e+01
1.929730957062705343e+01
1.929715261783677960e+01
1.929699717816670201e+01
1.929684323702956661e+01
1.929669077997874282e+01
1.929653979270687714e+01
1.929639026104453592e+01
1.929624217095889094e+01
1.929609550855238709e+01
1.929595026006145275e+01
1.929580641185519951e+01
1.930944973326293024e+01
1.933507123387500926e+01
1.937108475000989216e+01
1.941609536852803330e+01
1.946888166620302485e+01
1.952837106755895391e+01
1.959362123092898145e+01
1.966380722038855566e+01
1.973820579081220572e+01
1.981618147154972931e+01
1.989717724905518637e+01
1.998070600392494356e+01
2.006634110160797491e+01
2.015370815110285818e+01
2.024247903324445019e+01
2.033236707031018042e+01
2.042312208661080319e+01
2.051452541351452297e+01
2.060638560716791901e+01
2.069853523815929464e+01
2.079082839802292071e+01
2.088313835018452380e+01
2.097535508147693406e+01
2.106738293056590194e+01
2.115913860223995613e+01
2.125054969610816258e+01
2.134155361219053759e+01
2.143209657327642859e+01
2.152213258478991165e+01
2.161162233354543361e+01
2.170053215989126372e+01
2.178883324394564625e+01
2.187650104819002905e+01
2.196351494085775968e+01
2.204985786753001875e+01
2.213551596775060659e+01
2.222047811649901305e+01
2.230473544872375413e+01
2.238828095453661149e+01
2.247110920462209549e+01
2.255321620490577672e+01
2.263459932528380492e+01
2.271525722812332404e+01
2.279518974337957360e+01
2.287439768159608988e+01
2.295288261785290729e+01
2.303064669867549341e+01
2.310769251413794834e+01
2.318402304765134758e+01
2.325964168314666480e+01
2.333455222938172824e+01
2.340875892140313042e+01
2.348226637684153317e+01
2.355507950955390584e+01
2.362720342353547665e+01
2.369864331808649283e+01
2.376940442929143416e+01
2.383949201722171551e+01
2.390891139048273573e+01
2.397766794714768679e+01
2.404576720798136336e+01
2.411321482408680339e+01
2.418001655310068543e+01
2.424617821066365053e+01
2.431170561253652806e+01
2.437660452494045771e+01
2.444088063655851428e+01
2.450453955737577516e+01
2.456758684045303909e+01
2.463002801593703950e+01
2.469186862401721072e+01
2.475311423541159783e+01
2.481377045311263885e+01
2.487384289553157757e+01
2.493333716677129885e+01
2.499225882301548651e+01
2.505061334432672027e+01
2.510840611879735818e+01
2.516564244198848499e+01
2.522232753023529739e+01
2.527846654291499462e+01
2.533406460697821316e+01
2.538912683718226404e+01
2.544365834723784658e+01
2.549766424982352930e+01
2.555114964633095553e+01
2.560411960956087896e+01
2.565657916391853988e+01
2.570853326778826187e+01
2.575998680182823719e+01
2.581094456526487591e+01
2.586141128033991521e+01
2.591139160332476621e+01
2.596089013931252154e+01
2.600991145751169498e+01
2.605846010400158974e+01
2.610654060972191104e+01
2.615415749261931566e+01
2.620131525409220075e+01
2.624801837092250167e+01
2.629427128458839036e+01
2.634007839013267471e+01
2.638544402662409638e+01
2.643037247077159790e+01
2.647486793456134180e+01
2.651893456702839558e+01
2.656257645958545410e+01
2.660579765381573836e+01
2.664860215035737312e+01
2.669099391747583994e+01
2.673297689811119326e+01
2.677455501453817277e+01
2.681573217021509592e+01
2.685651224884495392e+01
2.689689911106314568e+01
2.693689658945308807e+01
2.697650848274755120e+01
2.701573855009607783e+01
2.705459050618176775e+01
2.709306801778260265e+01
2.713117470212960214e+01
2.716891412715453313e+01
2.720628981347885045e+01
2.724330523780037794e+01
2.727996383720320139e+01
2.731626901385649830e+01
2.735222413957748699e+01
2.738783255980177245e+01
2.742309759661565849e+01
2.745802255064090858e+01
2.749261070170485510e+01
2.752686530836145451e+01
2.756078960643893438e+01
2.759438680686909606e+01
2.762766009309782334e+01
2.766061261838638430e+01
2.769324750329204221e+01
2.772556783357072163e+01
2.775757665868113833e+01
2.778927699099758186e+01
2.782067180576477128e+01
2.785176404176009868e+01
2.788255660257132007e+01
2.791305235835498522e+01
2.794325414791457973e+01
2.797316478092737313e+01
2.800278704015423514e+01
2.803212368348452799e+01
2.806117744569573702e+01
2.808995103984101149e+01
2.811844715821404250e+01
2.814666847287642071e+01
2.817461763576523026e+01
2.820229727842615475e+01
2.822971001143842074e+01
2.825685842361191291e+01
2.828374508104371543e+01
2.831037252612155442e+01
2.833674327655610981e+01
2.836285982451394005e+01
2.838872463590922024e+01
2.841434014989678403e+01
2.843970877859253221e+01
2.846483290703105951e+01
2.848971489335551865e+01
2.851435706922179492e+01
2.853876174038872904e+01
2.856293118745857029e+01
2.858686766672714796e+01
2.861057341110135610e+01
2.863405063104215031e+01
2.865730151549406202e+01
2.868032823276676169e+01
2.870313293133991905e+01
2.872571774056924454e+01
2.874808477127844952e+01
2.877023611622874455e+01
2.879217385046394639e+01
2.881390003153506640e+01
2.883541669961321574e+01
2.885672587750358886e+01
2.887782957057627797e+01
2.889872976663151505e+01
2.891942843571784394e+01
2.893992752992180328e+01
2.896022898314682692e+01
2.898033471089773982e+01
2.900024661008523452e+01
2.901996655886246756e+01
2.903949641650344304e+01
2.905883802333018195e+01
2.907799320069318583e+01
2.909696375100725163e+01
2.911575145784241059e+01
2.913435808606785216e+01
2.915278538204498915e+01
2.917103507386447347e+01
2.918910887162099144e+01
2.920700846771893211e+01
2.922473553720172745e+01
2.924229173809751714e+01
2.925967871177399005e+01
2.927689808329563448e+01
2.929395146177718701e+01
2.931084044072774475e+01
2.932756659838080893e+01
2.934413149800637655e+01
2.936053668820202844e+01
2.937678370316083232e+01
2.939287406291472848e+01
2.940880927355280150e+01
2.942459082741452647e+01
2.944022020325876809e+01
2.945569886640971902e+01
2.947102826888153615e+01
2.948620984948363599e+01
2.950124503390896180e+01
2.951613523480762780e+01
2.953088185184847703e+01
2.954548627177105402e+01
2.955994986843047556e+01
2.957427400283752306e+01
2.958846002319620894e+01
2.960250926494078882e+01
2.961642305077404558e+01
2.963020269070841195e+01
2.964384948211125703e+01
2.965736470975542716e+01
2.967074964587590102e+01
2.968400555023313814e+01
2.969713367018357175e+01
2.971013524075739198e+01
2.972301148474366883e+01
2.973576361278263747e+01
2.974839282346486513e+01
2.976090030343688753e+01
2.977328722751278889e+01
2.978555475879115733e+01
2.979770404877675460e+01
2.980973623750621115e+01
2.982165245367705353e+01
2.983345381477936087e+01
2.984514142722930430e+01
2.985671638650394399e+01
2.986817977727658402e+01
2.987953267355209874e+01
2.989077613880165174e+01
2.990191122609628849e+01
2.991293897823893744e+01
2.992386042789442158e+01
2.993467659771710387e+01
2.994538850047590373e+01
2.995599713917640017e+01
2.996650350717988331e+01
2.997690858831917282e+01
2.998721335701113233e+01
2.999741877836583015e+01
3.000752580829233906e+01
3.001753539360119660e+01
3.002744847210359680e+01
3.003726597270737741e+01
3.004698881550993761e+01
3.005661791188820331e+01
3.006615416458576107e+01
3.007559846779737711e+01
3.008495170725099399e+01
3.009421476028741793e+01
3.010338849593786392e+01
3.011247377499952549e+01
3.012147145010933968e+01
3.013038236581610718e+01
3.013920735865116640e+01
3.014794725719771051e+01
3.015660288215896045e+01
3.016517504642530056e+01
3.017366455514050116e+01
3.018207220576715955e+01
3.019039878815146238e+01
3.019864508458737618e+01
3.020681186988034739e+01
3.021489991141057985e+01
3.022290996919598882e+01
3.023084279595484603e+01
3.023869913716821856e+01
3.024647973114218402e+01
3.025418530906992132e+01
3.026181659509363797e+01
3.026937430636639093e+01
3.027685915311381848e+01
3.028427183869574790e+01
3.029161305966774265e+01
3.029888350584252166e+01
3.030608386035128987e+01
3.031321479970495503e+01
3.032027699385520947e+01
3.032727110625546985e+01
3.033419779392164628e+01
3.034105770749274811e+01
3.034785149129127646e+01
3.035457978338337881e+01
3.036124321563878325e+01
3.036784241379044502e+01
3.037437799749391587e+01
3.038085058038638664e+01
3.038726077014539939e+01
3.039360916854721495e+01
3.039989637152480029e+01
3.040612296922541091e+01
3.041228954606777890e+01
3.041839668079886039e+01
3.042444494655013898e+01
3.043043491089348507e+01
3.043636713589652132e+01
3.044224217817752276e+01
3.044806058895981238e+01
3.045382291412565934e+01
3.045952969426965851e+01
3.046518146475160549e+01
3.047077875574882100e+01
3.047632209230798139e+01
3.048181199439638789e+01
3.048724897695270997e+01
3.049263354993720654e+01
3.049796621838138577e+01
3.050324748243714623e+01
3.050847783742537089e+01
3.051365777388400247e+01
3.051878777761557160e+01
3.052386832973420638e+01
3.052889990671211251e+01
3.053388298042553473e+01
3.053881801820020669e+01
3.054370548285627862e+01
3.054854583275275814e+01
3.055333952183143253e+01
3.055808699966031128e+01
3.056278871147657483e+01
3.056744509822904021e+01
3.057205659662016117e+01
3.057662363914754877e+01
3.058114665414504429e+01
3.058562606582332677e+01
3.059006229431008350e+01
3.059445575568972231e+01
3.059880686204267519e+01
3.060311602148425081e+01
3.060738363820308905e+01
3.061161011249918218e+01
3.061579584082150518e+01
3.061994121580523043e+01
3.062404662630856222e+01
3.062811245744917699e+01
3.063213909064027973e+01
3.063612690362629465e+01
3.064007627051817195e+01
3.064398756182833949e+01
3.064786114450529908e+01
3.065169738196786398e+01
3.065549663413904824e+01
3.065925925747961500e+01
3.066298560502129433e+01
3.066667602639966006e+01
3.067033086788667973e+01
3.067395047242294837e+01
3.067753517964959897e+01
3.068108532593989324e+01
3.068460124443052095e+01
3.068808326505256900e+01
3.069153171456220974e+01
3.069494691657108021e+01
3.069832919157637718e+01
3.070167885699064314e+01
3.070499622717128574e+01
3.070828161344980956e+01
3.071153532416075649e+01
3.071475766467038326e+01
3.071794893740505827e+01
3.072110944187939197e+01
3.072423947472409367e+01
3.072733932971357262e+01
3.073040929779327257e+01
3.073344966710674342e+01
3.073646072302247134e+01
3.073944274816043887e+01
3.074239602241844338e+01
3.074532082299816338e+01
3.074821742443098671e+01
3.075108609860359365e+01
3.075392711478328067e+01
3.075674073964307809e+01
3.075952723728660487e+01
3.076228686927269962e+01
3.076501989463982767e+01
3.076772656993024313e+01
3.077040714921392706e+01
3.077306188411231958e+01
3.077569102382179622e+01
3.077829481513694887e+01
3.078087350247364640e+01
3.078342732789185732e+01
3.078595653111828057e+01
3.078846134956875602e+01
3.079094201837045119e+01
3.079339877038385609e+01
3.079583183622456488e+01
3.079824144428484800e+01
3.080062782075502525e+01
3.080299118964462934e+01
3.080533177280338109e+01
3.080764978994195502e+01
3.080994545865256029e+01
3.081221899442931189e+01
3.081447061068842785e+01
3.081670051878820615e+01
3.081890892804884530e+01
3.082109604577205886e+01
3.082326207726050171e+01
3.082540722583701864e+01
3.082753169286370465e+01
3.082963567776078762e+01
3.083171937802534046e+01
3.083378298924979077e+01
3.083582670514027413e+01
3.083785071753480622e+01
3.083985521642128447e+01
3.084184038995531552e+01
3.084380642447786869e+01
3.084575350453276599e+01
3.084768181288400513e+01
3.084959153053291558e+01
3.085148283673514769e+01
3.085335590901750535e+01
3.085521092319461189e+01
3.085704805338541590e+01
3.085886747202954794e+01
3.086066934990351029e+01
3.086245385613671743e+01
3.086422115822737311e+01
3.086597142205821243e+01
3.086770481191207338e+01
3.086942149048734052e+01
3.087112161891321449e+01
3.087280535676485727e+01
3.087447286207837749e+01
3.087612429136568082e+01
3.087775979962917816e+01
3.087937954037633403e+01
3.088098366563410480e+01
3.088257232596321344e+01
3.088414567047229653e+01
3.088570384683191605e+01
3.088724700128843281e+01
3.088877527867775186e+01
3.089028882243892227e+01
3.089178777462762682e+01
3.089327227592951886e+01
3.089474246567345261e+01
3.089619848184456430e+01
3.089764046109724660e+01
3.089906853876798465e+01
3.090048284888807117e+01
3.090188352419620799e+01
3.090327069615096889e+01
3.090464449494315957e+01
3.090600504950804606e+01
3.090735248753747655e+01
3.090868693549186830e+01
3.091000851861210208e+01
3.091131736093128524e+01
3.091261358528640102e+01
3.091389731332985491e+01
3.091516866554090370e+01
3.091642776123698155e+01
3.091767471858489813e+01
3.091890965461194796e+01
3.092013268521690961e+01
3.092134392518092767e+01
3.092254348817829879e+01
3.092373148678715111e+01
3.092490803250002429e+01
3.092607323573433575e+01
3.092722720584275820e+01
3.092837005112350113e+01
3.092950187883046809e+01
3.093062279518334989e+01
3.093173290537758646e+01
3.093283231359425756e+01
3.093392112300986696e+01
3.093499943580603784e+01
3.093606735317910861e+01
3.093712497534963646e+01
3.093817240157181203e+01
3.093920973014278175e+01
3.094023705841188843e+01
3.094125448278979817e+01
3.094226209875757405e+01
3.094326000087562889e+01
3.094424828279262130e+01
3.094522703725423440e+01
3.094619635611190134e+01
3.094715633033142410e+01
3.094810705000151074e+01
3.094904860434225213e+01
3.094998108171348861e+01
3.095090456962310910e+01
3.095181915473526857e+01
3.095272492287853083e+01
3.095362195905392966e+01
3.095451034744294105e+01
3.095539017141539873e+01
3.095626151353731359e+01
3.095712445557863290e+01
3.095797907852092123e+01
3.095882546256495260e+01
3.095966368713825645e+01
3.096049383090256057e+01
3.096131597176118788e+01
3.096213018686636431e+01
3.096293655262646993e+01
3.096373514471320476e+01
3.096452603806869774e+01
3.096530930691254468e+01
3.096608502474877156e+01
3.096685326437273744e+01
3.096761409787796993e+01
3.096836759666294014e+01
3.096911383143774898e+01
3.096985287223077776e+01
3.097058478839526074e+01
3.097130964861579727e+01
3.097202752091479994e+01
3.097273847265886815e+01
3.097344257056512973e+01
3.097413988070749724e+01
3.097483046852286748e+01
3.097551439881726409e+01
3.097619173577192697e+01
3.097686254294933050e+01
3.097752688329915571e+01
3.097818481916419842e+01
3.097883641228621343e+01
3.097948172381172327e+01
3.098012081429774511e+01
3.098075374371748936e+01
3.098138057146596935e+01
3.098200135636559693e+01
3.098261615667168911e+01
3.098322503007794637e+01
3.098382803372185990e+01
3.098442522419007616e+01
3.098501665752371181e+01
3.098560238922361521e+01
3.098618247425556760e+01
3.098675696705544880e+01
3.098732592153434240e+01
3.098788939108360196e+01
3.098844742857985324e+01
3.098900008638996795e+01
3.098954741637596655e+01
3.099008946989989965e+01
3.099062629782865130e+01
3.099115795053873157e+01
3.099168447792099101e+01
3.099220592938531027e+01
3.099272235386523278e+01
3.099323379982255844e+01
3.099374031525189821e+01
3.099424194768516827e+01
3.099473874419605579e+01
3.099523075140444206e+01
3.099571801548076877e+01
3.099620058215037233e+01
3.099667849669778619e+01
3.099715180397097569e+01
3.099762054838555514e+01
3.099808477392895867e+01
3.099854452416455786e+01
3.099899984223576155e+01
3.099945077087005885e+01
3.099989735238303012e+01
3.100033962868231896e+01
3.100077764127156144e+01
3.100121143125428702e+01
3.100164103933776971e+01
3.100206650583685430e+01
3.100248787067773648e+01
3.100290517340171093e+01
3.100331845316888035e+01
3.100372774876182902e+01
3.100413309858926780e+01
3.100453454068963310e+01
3.100493211273465732e+01
3.100532585203291447e+01
3.100571579553330182e+01
3.100610197982852512e+01
3.100648444115851987e+01
3.100686321541386548e+01
3.100723833813913899e+01
3.100760984453625824e+01
3.100797776946778583e+01
3.100834214746020123e+01
3.100870301270713725e+01
3.100906039907258815e+01
3.100941434009409292e+01
3.100976486898587581e+01
3.101011201864197275e+01
3.101045582163930447e+01
3.101079631024074956e+01
3.101113351639815718e+01
3.101146747175535268e+01
3.101179820765111117e+01
3.101212575512209213e+01
3.101245014490574903e+01
3.101277140744322125e+01
3.101308957288219048e+01
3.101340467107970156e+01
3.101371673160497267e+01
3.101402578374216290e+01
3.101433185649313273e+01
3.101463497858015117e+01
3.101493517844859937e+01
3.101523248426963519e+01
3.101552692394284350e+01
3.101581852509884385e+01
